0,524
0,523
0,522
78,4
78,3
78,2
78,1
78,0
77,3
77,2
77,1
77,0
0,521
0,520
0,519
0,518
0,517
0,516
0,515
0,514
0,513
0,512
76,4
76,3
76,2
76,1
76,0
0,511
75,3
75,2
75,1
75,0
0,510
0,509
74,3
74,2
74,1
74,0
73,5
73,4
73,3
73,2
73,1
73,0
72,3
72,2
72,1
72,0
0,508
0,507
71,4
71,3
71,2
71,1
71,0
70,3
70,2
70,1
70,0
69,3
69,2
69,1
69,0
68,5
68,4
68,3
68,2
68,1
68,0
67,3
67,2
67,1
67,0
0,506
0,505
0,504
0,503
0,502
0,501
0,500
0,499
0,498
0,497
0,273
0,270
66,4
66,3
66,2
66,1
66,0
0,496
65,3
65,2
65,1
65,0
0,495
0,494
64,5
0,493
64,4
0,492
0,491
0,490
64,3
64,2
64,1
64,0
0,489
0,488
0,487
0,486
0,485
0,484
0,483
63,5
0,482
63,4
63,3
63,2
63,1
63,0
62,3
62,2
62,1
62,0
61,3
61,2
61,1
61,0
60,5
60,4
60,3
60,2
60,1
60,0
59,3
59,2
59,1
59,0
